277 252
276 282
280 312
288 342
298 371
314 395
336 416
360 433
389 437
420 431
448 415
473 393
492 368
503 338
510 307
515 276
517 245
284 217
301 206
322 206
343 213
363 223
410 221
433 209
455 203
479 205
498 215
386 243
386 266
385 289
384 311
366 325
376 329
386 333
396 329
407 325
307 246
321 236
340 238
354 252
338 254
319 253
423 251
439 236
457 236
472 245
459 252
441 253
338 356
359 353
376 350
386 353
397 350
418 354
442 356
419 375
398 383
386 385
374 384
357 376
347 360
375 365
386 365
397 364
433 359
397 365
386 366
375 365
